2945 Set2945 2008 13 90 6930 9 Tip9 2024
4479 Set4479 2009 57 56 3202 8 Tip8 2016
1963 Set1963 2001 36 27 3262 9 Tip9 2016
6832 Set6832 2002 66 63 5582 7 Tip7 2011
2860 Set2860 2023 61 52 6341 1 Tip1 2023
2551 Set2551 2011 1 15 3087 5 Tip5 2021
7043 Set7043 2004 9 27 3264 5 Tip5 1999
4268 Set4268 2012 29 54 3136 1 Tip1 2010
5146 Set5146 2020 11 43 5111 5 Tip5 2009
9963 Set9963 2008 97 69 6436 4 Tip4 2013
8642 Set8642 2012 68 70 1758 3 Tip3 2007
8088 Set8088 2005 95 34 6006 4 Tip4 2001
3963 Set3963 2000 37 75 4685 4 Tip4 2021
2635 Set2635 2008 50 14 9901 6 Tip6 2022
5896 Set5896 2006 45 84 1799 2 Tip2 2005
6747 Set6747 2009 67 22 2495 2 Tip2 2011
2643 Set2643 2008 12 52 8244 4 Tip4 2009
4600 Set4600 2018 27 79 2420 9 Tip9 2002
9834 Set9834 2003 17 93 7312 8 Tip8 2022
3092 Set3092 2017 13 83 4577 3 Tip3 2002
6352 Set6352 2003 81 30 5711 4 Tip4 2005
7047 Set7047 2017 42 15 7857 8 Tip8 2010
2815 Set2815 2004 31 86 7181 8 Tip8 2023
8539 Set8539 2000 59 7 6245 5 Tip5 2024
1649 Set1649 2010 62 76 2649 2 Tip2 2012
3076 Set3076 2009 80 71 9625 1 Tip1 2003
2749 Set2749 2000 92 82 2637 7 Tip7 2017
8403 Set8403 2004 52 65 6988 7 Tip7 2004
2476 Set2476 2003 55 84 6242 7 Tip7 1999
2967 Set2967 2009 11 69 7940 1 Tip1 2021
9732 Set9732 2010 48 62 8322 4 Tip4 2005
4298 Set4298 2024 62 58 3518 9 Tip9 2010
1262 Set1262 2001 48 64 1548 7 Tip7 2004
4148 Set4148 2020 73 66 1700 5 Tip5 2011
8849 Set8849 2023 60 25 9360 8 Tip8 2017
9629 Set9629 2016 82 25 7278 1 Tip1 2001
4771 Set4771 2019 46 100 2717 7 Tip7 2000
3277 Set3277 2023 59 39 2617 9 Tip9 2007
8742 Set8742 2002 73 79 1326 4 Tip4 2018
5788 Set5788 2008 1 41 6438 8 Tip8 1999
4292 Set4292 2005 58 77 1686 3 Tip3 2006
6425 Set6425 2022 84 68 9450 1 Tip1 2019
5850 Set5850 2003 86 23 2416 3 Tip3 2014
2845 Set2845 2007 4 100 3479 3 Tip3 2002
7992 Set7992 2001 73 52 9428 9 Tip9 2013
7572 Set7572 2021 28 48 7569 9 Tip9 2007
9981 Set9981 2012 1 7 4457 4 Tip4 2015
5350 Set5350 2015 52 28 1690 4 Tip4 2009
3558 Set3558 2019 4 16 1545 1 Tip1 2012
9991 Set9991 2019 18 94 1348 5 Tip5 2018
2786 Set2786 2012 38 77 9702 1 Tip1 2000
8871 Set8871 2002 8 79 4620 1 Tip1 2021
9953 Set9953 2018 16 79 4628 6 Tip6 2011
4518 Set4518 2012 75 52 7481 2 Tip2 2018
7633 Set7633 2018 37 75 2021 6 Tip6 2003
2754 Set2754 2020 15 9 5115 3 Tip3 2009
4463 Set4463 2010 36 11 9624 7 Tip7 2001
1662 Set1662 2010 12 60 6863 9 Tip9 2007
4850 Set4850 2008 36 75 1098 3 Tip3 2016
7007 Set7007 2014 53 51 5347 7 Tip7 2022
4630 Set4630 2015 71 14 7911 8 Tip8 2015
2417 Set2417 2016 6 9 7153 4 Tip4 2002
8203 Set8203 2007 27 31 5397 8 Tip8 1999
2568 Set2568 2019 36 30 2836 8 Tip8 2001
7691 Set7691 2024 79 96 8436 5 Tip5 2022
9291 Set9291 2010 64 94 5829 7 Tip7 2015
1029 Set1029 2011 52 71 1992 2 Tip2 2023
5731 Set5731 2013 10 31 1626 8 Tip8 2008
9416 Set9416 2004 88 5 1756 9 Tip9 2018
9004 Set9004 2021 4 51 1007 7 Tip7 2002
5165 Set5165 2021 40 69 9636 6 Tip6 1999
6874 Set6874 2004 9 27 4170 9 Tip9 2008
2050 Set2050 2004 78 77 1824 1 Tip1 2013
4530 Set4530 2006 89 4 8734 4 Tip4 2019
3870 Set3870 2012 15 70 8309 4 Tip4 2013
2909 Set2909 2007 56 68 9280 9 Tip9 2021
1463 Set1463 2004 2 29 3161 8 Tip8 2020
7919 Set7919 2001 76 47 9645 8 Tip8 2004
7835 Set7835 2013 23 90 2944 9 Tip9 2006
7332 Set7332 1999 82 42 6566 6 Tip6 1999
9263 Set9263 2004 38 25 4789 1 Tip1 2005
1607 Set1607 2002 20 93 4569 3 Tip3 2000
1653 Set1653 2000 39 56 3238 9 Tip9 2014
6890 Set6890 2020 16 26 4813 3 Tip3 2012
9579 Set9579 2014 57 11 9997 8 Tip8 2001
3246 Set3246 2009 99 42 8549 4 Tip4 2014
5332 Set5332 2001 10 3 1111 5 Tip5 2017
2652 Set2652 2016 35 23 4698 6 Tip6 2009
9536 Set9536 2024 47 87 4775 8 Tip8 2001
3186 Set3186 2015 66 14 6770 2 Tip2 2009
9220 Set9220 2015 38 27 8291 4 Tip4 2015
5540 Set5540 2024 88 71 1250 1 Tip1 2023
2737 Set2737 2023 2 75 7761 9 Tip9 2023
8167 Set8167 2015 34 7 1345 4 Tip4 2007
7686 Set7686 2005 45 32 4432 8 Tip8 2004
7697 Set7697 2007 52 5 1494 1 Tip1 2000
3400 Set3400 2019 38 89 7342 5 Tip5 2007
8869 Set8869 2010 9 53 9180 8 Tip8 2002
3369 Set3369 2012 71 96 9397 2 Tip2 2004
6190 Set6190 2021 78 79 8519 5 Tip5 2020
2479 Set2479 2000 35 43 6803 3 Tip3 1999
2547 Set2547 2022 57 62 4178 9 Tip9 2019
5952 Set5952 2007 42 67 3690 2 Tip2 2011
1131 Set1131 2024 55 76 6341 8 Tip8 2017
1676 Set1676 2009 26 84 2168 1 Tip1 2007
6008 Set6008 2005 41 89 5372 7 Tip7 2015
6304 Set6304 2018 7 66 5180 1 Tip1 2003
6881 Set6881 2015 55 19 7151 8 Tip8 2019
5800 Set5800 2020 97 58 1106 3 Tip3 2009
5589 Set5589 2011 21 53 6244 7 Tip7 2020
8518 Set8518 1999 29 6 1662 2 Tip2 2005
6642 Set6642 2001 79 71 9140 5 Tip5 2010
1829 Set1829 2016 6 79 8262 8 Tip8 2024
7919 Set7919 2009 58 33 7943 4 Tip4 2010
4316 Set4316 2012 76 70 4658 2 Tip2 2002
8301 Set8301 2022 39 53 9638 9 Tip9 2020
5228 Set5228 2017 100 71 9216 1 Tip1 2006
3314 Set3314 2011 26 95 1144 1 Tip1 2022
6640 Set6640 2009 60 64 3542 5 Tip5 2010
1758 Set1758 2024 63 42 6568 6 Tip6 2018
6091 Set6091 2009 71 2 8855 1 Tip1 2009
2045 Set2045 2015 16 80 6344 6 Tip6 2008
1112 Set1112 2015 50 18 2869 2 Tip2 2017
8251 Set8251 2013 68 14 4641 2 Tip2 2006
9176 Set9176 2005 12 9 1060 4 Tip4 2007
3745 Set3745 2010 18 9 7627 7 Tip7 2014
7270 Set7270 2004 29 64 1688 6 Tip6 2010
1715 Set1715 2014 27 66 7638 4 Tip4 2011
8636 Set8636 2013 8 70 9874 9 Tip9 2008
8493 Set8493 2007 42 95 9433 3 Tip3 2020
6927 Set6927 2022 18 20 1860 5 Tip5 2013
2190 Set2190 2024 31 33 8767 1 Tip1 2013
2750 Set2750 2024 96 78 5214 3 Tip3 2006
6282 Set6282 2021 98 58 2589 8 Tip8 2003
7904 Set7904 2003 58 17 8425 5 Tip5 2010
4050 Set4050 2020 94 81 1814 4 Tip4 2023
5460 Set5460 2019 17 27 3902 8 Tip8 2009
4952 Set4952 2013 24 92 7656 6 Tip6 2013
3520 Set3520 2019 91 13 5499 8 Tip8 2007
5357 Set5357 2005 96 90 1774 6 Tip6 2017
6748 Set6748 2017 76 43 6603 2 Tip2 2012
6404 Set6404 2013 40 23 2154 3 Tip3 2020
1374 Set1374 2012 10 1 9413 6 Tip6 2008
1241 Set1241 2007 34 56 8284 5 Tip5 2022
1732 Set1732 2021 72 31 6066 7 Tip7 2018
5545 Set5545 2015 40 12 2053 8 Tip8 2001
1630 Set1630 2021 1 63 2178 1 Tip1 2022
2175 Set2175 2010 51 8 8147 1 Tip1 2024
7361 Set7361 2005 67 19 9127 3 Tip3 2001
1441 Set1441 2018 24 52 5771 2 Tip2 2018
6831 Set6831 2006 24 97 7180 1 Tip1 2015
3477 Set3477 2009 78 33 9918 5 Tip5 2004
4426 Set4426 2003 54 72 6854 3 Tip3 2013
5109 Set5109 2007 51 7 5988 9 Tip9 2008
6492 Set6492 2005 81 62 8241 8 Tip8 2024
9500 Set9500 2024 65 8 7701 6 Tip6 2021
1984 Set1984 2021 7 82 4469 7 Tip7 2019
2212 Set2212 2013 37 41 7110 7 Tip7 2005
5874 Set5874 2021 52 47 5481 1 Tip1 2017
9716 Set9716 2012 10 95 6710 7 Tip7 2010
2776 Set2776 2022 83 75 8131 9 Tip9 2022
7995 Set7995 2011 48 12 5611 1 Tip1 2018
9791 Set9791 2016 76 6 2992 7 Tip7 1999
8623 Set8623 2002 67 59 3901 1 Tip1 2006
2008 Set2008 2007 37 86 8317 2 Tip2 2006
2988 Set2988 2017 5 53 6621 8 Tip8 2008
7011 Set7011 2013 60 84 7151 3 Tip3 2021
3398 Set3398 2004 74 94 2154 3 Tip3 2007
1041 Set1041 2003 88 94 9430 9 Tip9 2016
9128 Set9128 2013 59 5 4257 4 Tip4 2018
6733 Set6733 2019 59 90 5912 1 Tip1 2012
3608 Set3608 2001 97 63 7666 8 Tip8 2003
1299 Set1299 2017 8 51 3308 9 Tip9 2015
3577 Set3577 2021 2 12 2491 1 Tip1 2023
1508 Set1508 2019 52 56 3158 8 Tip8 2015
4656 Set4656 1999 9 43 7457 9 Tip9 2021
2128 Set2128 2016 97 18 4707 7 Tip7 2018
3583 Set3583 2003 36 66 7290 8 Tip8 2013
2740 Set2740 2006 85 29 3203 4 Tip4 2018
6057 Set6057 2016 44 48 7134 2 Tip2 2004
9525 Set9525 2004 75 34 1552 2 Tip2 2020
8520 Set8520 2014 13 57 1232 8 Tip8 2017
4704 Set4704 2021 69 47 5795 9 Tip9 2010
1330 Set1330 2022 61 12 8666 4 Tip4 2018
2577 Set2577 2008 43 90 6631 6 Tip6 2018
5596 Set5596 2005 76 42 1428 8 Tip8 2010
8966 Set8966 2001 2 60 6288 4 Tip4 2017
3459 Set3459 1999 46 30 9960 2 Tip2 2021
4877 Set4877 2014 4 77 7765 4 Tip4 2020
1949 Set1949 2012 21 48 7429 9 Tip9 2009
1525 Set1525 2009 6 18 2132 1 Tip1 2021
7568 Set7568 2003 5 48 8440 5 Tip5 2017
2245 Set2245 2015 93 60 4201 8 Tip8 2008
4372 Set4372 2003 63 81 8192 1 Tip1 2004
6658 Set6658 2009 51 92 3572 3 Tip3 2022
5992 Set5992 2003 11 83 2106 1 Tip1 2020
4726 Set4726 2016 40 65 6474 8 Tip8 2009
9801 Set9801 2012 51 100 7317 1 Tip1 2005
5636 Set5636 2000 43 33 5003 9 Tip9 2002
8086 Set8086 2012 64 1 1280 6 Tip6 2001
7744 Set7744 2008 37 12 5084 6 Tip6 2002
3096 Set3096 2020 4 69 7754 2 Tip2 2007
9159 Set9159 2024 74 8 7444 9 Tip9 2018
3891 Set3891 2021 56 4 1071 1 Tip1 2022
5892 Set5892 2021 8 79 8327 4 Tip4 2024
2900 Set2900 2000 96 19 8583 9 Tip9 2013
6218 Set6218 2017 12 73 7934 5 Tip5 1999
6974 Set6974 2002 92 3 6917 3 Tip3 2024
3032 Set3032 2021 17 43 7613 1 Tip1 2014
8430 Set8430 2005 9 45 5501 1 Tip1 2021
9360 Set9360 2007 99 66 3078 4 Tip4 2012
1338 Set1338 2022 2 47 3575 5 Tip5 2020
2846 Set2846 2023 60 94 6503 7 Tip7 2019
9301 Set9301 2009 55 64 9639 5 Tip5 2018
9999 Set9999 2013 46 38 2476 9 Tip9 2012
6724 Set6724 2018 98 60 3149 3 Tip3 2016
7430 Set7430 2000 88 56 3731 2 Tip2 2006
1944 Set1944 2015 26 14 2625 8 Tip8 2010
4209 Set4209 2005 53 87 9137 9 Tip9 2018
5836 Set5836 2013 74 79 3944 8 Tip8 2009
6926 Set6926 2019 93 3 7103 1 Tip1 2006
9610 Set9610 2023 87 46 1945 6 Tip6 2009
4603 Set4603 2017 78 72 7763 7 Tip7 2013
2446 Set2446 2005 65 70 8061 1 Tip1 2023
6122 Set6122 2012 81 24 1255 2 Tip2 2020
4125 Set4125 2001 38 73 7977 1 Tip1 2016
9955 Set9955 2001 52 59 3770 6 Tip6 2010
7556 Set7556 2012 30 22 8436 8 Tip8 2016
5006 Set5006 2013 35 73 2068 3 Tip3 2011
3426 Set3426 2017 87 62 2240 8 Tip8 2004
8078 Set8078 2024 92 36 8224 9 Tip9 2011
1332 Set1332 2023 30 76 8612 3 Tip3 2023
9180 Set9180 2009 3 36 3761 5 Tip5 2013
1409 Set1409 2012 53 60 8025 2 Tip2 2007
4420 Set4420 2021 87 51 8543 1 Tip1 2019
2677 Set2677 2009 54 5 6769 6 Tip6 2024
5455 Set5455 2021 10 56 1218 8 Tip8 2018
3873 Set3873 2004 39 29 9166 9 Tip9 2002
8123 Set8123 2016 5 69 6597 8 Tip8 2010
5120 Set5120 2010 31 81 3644 9 Tip9 2015
3789 Set3789 2001 95 1 8231 3 Tip3 2003
9310 Set9310 2010 34 29 9098 3 Tip3 2002
7575 Set7575 2019 77 96 3992 8 Tip8 2011
5242 Set5242 2024 49 7 2344 3 Tip3 2008
5126 Set5126 2020 96 58 1668 2 Tip2 2012
5547 Set5547 2016 7 78 2214 8 Tip8 2000
6932 Set6932 2013 78 60 8958 2 Tip2 2016
8932 Set8932 2011 24 50 9808 5 Tip5 2001
8595 Set8595 2007 85 32 2551 9 Tip9 2017
3734 Set3734 2005 19 74 8198 8 Tip8 2008
3381 Set3381 2001 84 62 5453 7 Tip7 2005
5079 Set5079 2011 99 40 7939 5 Tip5 2019
5539 Set5539 2007 18 80 2692 9 Tip9 2003
9776 Set9776 2024 84 95 2953 1 Tip1 2003
7468 Set7468 2018 36 11 9128 1 Tip1 2014
1202 Set1202 2000 35 72 6851 7 Tip7 2007
1242 Set1242 2013 2 37 4532 2 Tip2 2024
9996 Set9996 2003 6 53 5318 1 Tip1 2001
8998 Set8998 2011 93 62 1717 3 Tip3 2007
8834 Set8834 2014 96 76 1843 7 Tip7 2001
1149 Set1149 1999 57 77 2780 5 Tip5 2017
4863 Set4863 2019 8 26 5934 2 Tip2 2016
6794 Set6794 2022 63 97 8787 6 Tip6 2013
5561 Set5561 2008 47 54 8318 4 Tip4 2017
2343 Set2343 2015 46 82 7448 7 Tip7 2000
8094 Set8094 2003 92 54 4162 3 Tip3 2019
3693 Set3693 2000 63 18 2213 7 Tip7 2022
6611 Set6611 2000 64 94 1709 1 Tip1 2008
6870 Set6870 2012 29 67 8376 1 Tip1 2014
2772 Set2772 2007 66 96 5920 1 Tip1 2003
6567 Set6567 2013 37 57 1728 6 Tip6 2010
4497 Set4497 2018 44 48 9364 1 Tip1 2008
9320 Set9320 2015 89 60 3821 5 Tip5 2022
4432 Set4432 2003 46 47 3389 2 Tip2 2019
5947 Set5947 2015 62 38 4107 6 Tip6 2024
5937 Set5937 2016 41 95 7295 3 Tip3 2009
6465 Set6465 2015 29 96 2756 5 Tip5 2009
4453 Set4453 2008 7 33 2871 6 Tip6 2002
2828 Set2828 2010 1 79 6026 7 Tip7 2023
5927 Set5927 2016 34 97 1203 5 Tip5 2022
2458 Set2458 2002 15 73 9457 4 Tip4 2014
1191 Set1191 2017 84 65 4225 2 Tip2 2009
2022 Set2022 2004 74 46 8735 2 Tip2 2002
7431 Set7431 2011 56 75 9550 6 Tip6 2013
2372 Set2372 2012 73 63 7152 6 Tip6 2001
1828 Set1828 2012 100 65 8708 1 Tip1 2018
4974 Set4974 2014 18 93 2784 9 Tip9 2024
5847 Set5847 2002 49 3 9538 4 Tip4 2017
6179 Set6179 2019 14 86 6414 6 Tip6 2024
7979 Set7979 2006 89 91 4506 1 Tip1 2004
1293 Set1293 2012 30 34 7473 6 Tip6 2002
4840 Set4840 2019 35 54 7731 9 Tip9 2013
6011 Set6011 2003 99 43 8319 7 Tip7 2001
7352 Set7352 2007 12 11 5120 7 Tip7 1999
1200 Set1200 2009 6 36 3359 9 Tip9 2012
6942 Set6942 2010 52 49 6919 5 Tip5 2009
7385 Set7385 2009 88 96 1825 8 Tip8 2012
5711 Set5711 2011 72 1 7731 5 Tip5 2013
9879 Set9879 2020 27 88 4681 8 Tip8 2002
9129 Set9129 2011 87 23 5989 2 Tip2 1999
4452 Set4452 2017 28 72 2053 2 Tip2 2011
7495 Set7495 2022 49 15 8800 3 Tip3 2015
8511 Set8511 2024 25 23 1648 7 Tip7 2000
7029 Set7029 2003 6 67 6208 2 Tip2 2022
7200 Set7200 2023 85 99 8932 3 Tip3 2022
8390 Set8390 2024 98 22 3824 2 Tip2 2015
7614 Set7614 2008 15 45 9247 1 Tip1 2017
3911 Set3911 2005 77 39 5734 7 Tip7 2020
9819 Set9819 2020 79 48 7274 3 Tip3 2016
1218 Set1218 2001 18 50 8832 7 Tip7 2013
5896 Set5896 2023 22 24 4574 8 Tip8 2022
7103 Set7103 2015 56 63 6289 2 Tip2 2000
2037 Set2037 2011 39 57 3943 8 Tip8 2013
2047 Set2047 2001 81 25 8370 6 Tip6 2011
7273 Set7273 2016 93 96 6760 3 Tip3 2010
7929 Set7929 2022 53 94 8148 3 Tip3 2013
9485 Set9485 2024 86 7 8212 9 Tip9 2008
6131 Set6131 2018 84 17 6621 2 Tip2 2008
1948 Set1948 2022 99 26 1461 2 Tip2 2015
5337 Set5337 2015 46 6 5369 4 Tip4 2020
7295 Set7295 2024 19 11 6342 8 Tip8 2014
6482 Set6482 2008 2 27 3539 5 Tip5 2023
5499 Set5499 2024 19 49 6081 6 Tip6 2005
8372 Set8372 2000 39 34 2574 8 Tip8 2008
5785 Set5785 2012 50 90 6677 7 Tip7 2013
1769 Set1769 2006 83 56 8512 9 Tip9 2019
9636 Set9636 2016 98 57 4065 9 Tip9 2020
9516 Set9516 2005 49 26 2482 2 Tip2 2022
7625 Set7625 2010 78 97 6232 6 Tip6 2024
3108 Set3108 2020 75 55 9262 3 Tip3 2018
9480 Set9480 2002 40 24 5666 9 Tip9 2015
1368 Set1368 2019 31 74 8266 6 Tip6 2019
7349 Set7349 2017 48 19 5245 6 Tip6 2005
3610 Set3610 2019 62 32 9853 6 Tip6 2007
8507 Set8507 2022 19 12 5525 2 Tip2 2011
1009 Set1009 2002 3 82 9133 4 Tip4 2023
5574 Set5574 2002 5 64 6689 5 Tip5 2013
7379 Set7379 2013 5 55 9028 1 Tip1 2019
2745 Set2745 2017 28 90 2574 2 Tip2 2022
5061 Set5061 2009 92 89 2162 8 Tip8 1999
5375 Set5375 2019 80 46 1659 2 Tip2 2004
9274 Set9274 2016 88 56 5418 9 Tip9 2004
2625 Set2625 2018 29 93 9127 5 Tip5 2016
5900 Set5900 2015 92 97 4350 4 Tip4 2010
9803 Set9803 2016 87 40 8336 9 Tip9 2007
7575 Set7575 2024 94 24 1453 3 Tip3 2017
4462 Set4462 2010 6 43 7728 9 Tip9 1999
7523 Set7523 2004 68 72 4918 6 Tip6 2020
1335 Set1335 2018 99 69 4399 7 Tip7 2015
9823 Set9823 2016 33 39 1219 5 Tip5 2003
8163 Set8163 2017 4 89 7379 4 Tip4 2013
6116 Set6116 2007 48 42 1800 8 Tip8 2017
5935 Set5935 2023 44 90 8565 8 Tip8 2005
4011 Set4011 2002 2 40 6320 9 Tip9 2019
6097 Set6097 2021 96 16 7798 2 Tip2 2020
4223 Set4223 2018 63 7 1927 2 Tip2 2018
2727 Set2727 2012 29 3 1694 4 Tip4 2001
4680 Set4680 2015 78 89 3359 3 Tip3 2003
8766 Set8766 2000 13 48 7060 8 Tip8 2013
1090 Set1090 2000 84 88 4793 3 Tip3 2005
4088 Set4088 2016 54 5 9567 1 Tip1 2001
3559 Set3559 2015 77 33 4902 6 Tip6 2001
2010 Set2010 2013 42 52 2290 8 Tip8 2013
9115 Set9115 2015 69 28 1685 8 Tip8 2012
7507 Set7507 2015 4 53 5179 5 Tip5 2014
8412 Set8412 2015 44 100 3344 7 Tip7 2004
5323 Set5323 2019 66 47 4854 6 Tip6 2024
7213 Set7213 2007 84 47 5162 5 Tip5 2018
8253 Set8253 2005 98 47 7465 8 Tip8 2007
1455 Set1455 2016 83 36 2831 4 Tip4 2010
1631 Set1631 2001 40 88 1566 3 Tip3 2008
1966 Set1966 2013 56 76 9837 4 Tip4 2010
2702 Set2702 2005 11 38 6993 7 Tip7 2001
8852 Set8852 2014 87 57 2060 5 Tip5 2012
3540 Set3540 2011 14 96 1933 1 Tip1 2013
1957 Set1957 2018 69 46 4517 3 Tip3 2006
6516 Set6516 2019 47 23 5902 3 Tip3 2020
8952 Set8952 2017 49 94 7589 4 Tip4 2024
6834 Set6834 2005 80 12 7409 9 Tip9 2017
3114 Set3114 2005 85 90 3404 4 Tip4 2011
7761 Set7761 2004 55 75 7715 7 Tip7 2002
4781 Set4781 2016 40 58 6790 7 Tip7 2018
6343 Set6343 2014 25 74 4345 3 Tip3 2019
9893 Set9893 2023 33 81 4643 5 Tip5 2019
6592 Set6592 2017 16 86 1296 3 Tip3 2020
4108 Set4108 2023 46 28 8316 8 Tip8 2001
8843 Set8843 2014 15 98 3012 9 Tip9 2024
9914 Set9914 2003 95 93 2072 3 Tip3 2009
5284 Set5284 2005 60 47 5305 8 Tip8 2016
2615 Set2615 2022 99 47 1782 6 Tip6 2001
8071 Set8071 2019 6 98 7204 4 Tip4 2005
9057 Set9057 2009 34 51 5310 6 Tip6 2010
5973 Set5973 2016 15 37 4536 6 Tip6 2007
3608 Set3608 2000 65 90 5867 5 Tip5 2008
6618 Set6618 2007 76 32 4795 7 Tip7 2012
2167 Set2167 2006 67 25 7053 1 Tip1 2016
3365 Set3365 2023 24 56 9332 3 Tip3 2021
6364 Set6364 2024 31 43 7874 3 Tip3 2019
4446 Set4446 2002 98 20 8860 2 Tip2 2001
3986 Set3986 2001 57 39 8509 2 Tip2 2022
3574 Set3574 2002 66 31 7220 6 Tip6 2021
5857 Set5857 2010 19 25 3216 4 Tip4 2010
2665 Set2665 2007 25 41 9438 9 Tip9 2004
8577 Set8577 2011 3 61 9615 2 Tip2 2001
4387 Set4387 2024 80 88 7846 2 Tip2 2006
1252 Set1252 2007 57 19 4479 1 Tip1 2007
3878 Set3878 2012 24 36 5674 8 Tip8 2017
5933 Set5933 2006 69 52 6540 5 Tip5 1999
5423 Set5423 2021 98 51 2891 4 Tip4 2000
1391 Set1391 2011 47 24 8736 9 Tip9 2013
3175 Set3175 2007 100 16 1471 9 Tip9 2020
5549 Set5549 2015 32 88 3995 3 Tip3 2000
8528 Set8528 2024 61 16 2757 7 Tip7 2003
3961 Set3961 2000 37 53 2218 4 Tip4 1999
3668 Set3668 2019 96 57 7937 1 Tip1 2012
9701 Set9701 2010 87 38 3569 5 Tip5 2014
8539 Set8539 2006 82 32 9444 5 Tip5 2008
1930 Set1930 2010 40 60 6020 1 Tip1 2014
1865 Set1865 2023 48 12 5645 9 Tip9 2009
6562 Set6562 2003 44 41 6391 8 Tip8 2016
9309 Set9309 2018 86 78 1339 3 Tip3 2021
9392 Set9392 1999 88 85 3189 1 Tip1 2020
7705 Set7705 2003 90 68 6198 1 Tip1 2017
6737 Set6737 2000 61 98 9811 3 Tip3 2012
6618 Set6618 2005 78 83 3980 7 Tip7 2016
5763 Set5763 2017 79 63 5148 2 Tip2 2019
9530 Set9530 2012 10 13 5363 7 Tip7 2014
1275 Set1275 2020 40 26 2045 5 Tip5 2008
7089 Set7089 2021 63 71 2304 7 Tip7 2024
3677 Set3677 2003 67 69 4086 5 Tip5 2010
9453 Set9453 2003 77 89 2412 4 Tip4 2001
1951 Set1951 2005 70 40 7903 4 Tip4 2024
4278 Set4278 2012 23 95 3283 2 Tip2 2002
6190 Set6190 2005 24 85 4879 7 Tip7 2011
3338 Set3338 2021 41 41 4844 2 Tip2 2016
5622 Set5622 2023 38 67 5494 6 Tip6 2018
6908 Set6908 2003 6 31 4810 9 Tip9 2024
8528 Set8528 2008 67 68 6117 1 Tip1 1999
3800 Set3800 2022 55 3 3756 7 Tip7 2019
6917 Set6917 2013 4 88 6463 8 Tip8 2012
1208 Set1208 2001 6 4 2970 3 Tip3 2021
5632 Set5632 2009 53 42 1817 8 Tip8 2013
1888 Set1888 2021 33 19 8216 8 Tip8 2002
4392 Set4392 2015 21 66 3458 7 Tip7 2021
1708 Set1708 1999 9 74 8236 8 Tip8 2016
3574 Set3574 2017 53 53 6918 9 Tip9 2023
8759 Set8759 2002 1 76 5889 1 Tip1 2014
4589 Set4589 2019 65 84 9649 3 Tip3 2021
5095 Set5095 2007 73 64 1899 5 Tip5 2003
2747 Set2747 2005 16 86 2823 9 Tip9 2008
6093 Set6093 2019 57 3 4216 3 Tip3 2018
3916 Set3916 2010 82 68 6300 6 Tip6 2008
2208 Set2208 2007 58 89 8370 6 Tip6 2023
7982 Set7982 2018 18 27 3866 9 Tip9 2022
5292 Set5292 1999 34 80 8665 8 Tip8 2012
6101 Set6101 2022 33 92 8469 9 Tip9 2015
6426 Set6426 2010 50 70 2746 9 Tip9 2012
6041 Set6041 2017 14 93 2925 9 Tip9 2016
8184 Set8184 2015 18 20 1426 9 Tip9 2005
2274 Set2274 2008 64 17 9053 7 Tip7 2000
1866 Set1866 2013 98 47 6998 7 Tip7 2018
9224 Set9224 2019 86 38 8814 4 Tip4 2018
9333 Set9333 2003 19 6 4535 8 Tip8 2020
4361 Set4361 2014 77 94 2573 9 Tip9 2011
9742 Set9742 2008 27 79 4672 1 Tip1 1999
9678 Set9678 2008 51 86 3010 9 Tip9 2015
8873 Set8873 2000 22 45 1362 8 Tip8 2022
8217 Set8217 2009 56 34 6195 5 Tip5 2021
6350 Set6350 2010 70 96 6624 4 Tip4 2014
1007 Set1007 2007 86 97 7674 1 Tip1 2000
9997 Set9997 2000 98 48 4575 1 Tip1 2014
7830 Set7830 2007 99 48 9515 7 Tip7 2024
7213 Set7213 2020 4 10 7415 8 Tip8 2017
5996 Set5996 2002 14 40 4764 4 Tip4 2000
7265 Set7265 2022 30 30 9205 7 Tip7 2016
9216 Set9216 2003 47 32 7148 9 Tip9 2011
7014 Set7014 2000 61 79 4533 8 Tip8 2003
3972 Set3972 2024 75 17 1454 7 Tip7 2002
8862 Set8862 2013 59 22 4266 6 Tip6 2001
1447 Set1447 2007 13 46 4809 2 Tip2 2021
4673 Set4673 2009 27 14 1373 3 Tip3 2019
4635 Set4635 2020 21 2 2096 3 Tip3 2007
9048 Set9048 2018 63 38 5391 8 Tip8 2008
1144 Set1144 2012 39 77 4483 4 Tip4 1999
2353 Set2353 2010 31 76 4716 7 Tip7 2001
6987 Set6987 2002 8 34 2510 3 Tip3 2013
5995 Set5995 2003 55 82 7735 1 Tip1 2016
9735 Set9735 2016 37 34 9145 5 Tip5 2021
1733 Set1733 2001 89 72 2081 2 Tip2 2003
7125 Set7125 2008 76 84 7456 4 Tip4 2021
6321 Set6321 1999 82 43 3030 2 Tip2 2021
9981 Set9981 2022 98 100 1281 7 Tip7 2023
4744 Set4744 2011 36 61 2907 3 Tip3 2010
8432 Set8432 1999 44 21 8344 2 Tip2 2022
8655 Set8655 2023 8 21 2269 3 Tip3 2005
9260 Set9260 2008 35 71 9686 2 Tip2 2019
7833 Set7833 2020 68 29 6732 7 Tip7 2011
6903 Set6903 2009 8 64 8453 4 Tip4 2011
6044 Set6044 2008 28 97 7234 1 Tip1 2016
8975 Set8975 2016 46 24 4946 5 Tip5 2023
5259 Set5259 2013 56 82 6937 4 Tip4 2024
6470 Set6470 2008 41 63 2771 8 Tip8 2017
3745 Set3745 2017 97 58 6052 9 Tip9 2020
7055 Set7055 2003 89 12 8232 6 Tip6 2015
6819 Set6819 1999 82 15 6290 2 Tip2 2005
9193 Set9193 2021 99 100 9787 4 Tip4 2003
4061 Set4061 2018 60 20 7035 5 Tip5 2012
8627 Set8627 2007 37 42 5136 9 Tip9 2020
8628 Set8628 2009 57 68 6415 7 Tip7 2013
5452 Set5452 2005 44 33 4319 4 Tip4 2000
2112 Set2112 2009 84 52 3789 1 Tip1 2004
5651 Set5651 2014 41 11 5155 8 Tip8 2006
3379 Set3379 2009 39 39 6851 7 Tip7 2012
7962 Set7962 2001 7 55 8657 4 Tip4 2023
2741 Set2741 2000 37 86 9443 1 Tip1 2022
9998 Set9998 2009 54 25 6151 9 Tip9 2014
2021 Set2021 2017 93 48 7060 8 Tip8 2006
5372 Set5372 2005 58 31 8337 8 Tip8 2020
3434 Set3434 2009 85 98 7278 6 Tip6 2023
6532 Set6532 2023 23 46 5425 1 Tip1 2023
4708 Set4708 2013 50 11 6180 2 Tip2 2001
3651 Set3651 2002 20 60 8539 3 Tip3 2012
6205 Set6205 2002 95 86 6864 5 Tip5 2007
9733 Set9733 2008 9 31 4264 1 Tip1 2022
6219 Set6219 2008 18 71 2971 2 Tip2 2011
5521 Set5521 2001 54 18 2498 7 Tip7 2008
3444 Set3444 2011 60 53 6833 8 Tip8 2016
9502 Set9502 2021 63 9 9738 4 Tip4 2007
7847 Set7847 2003 72 47 9345 6 Tip6 2004
5034 Set5034 2010 59 14 5609 3 Tip3 2007
2940 Set2940 2003 72 6 6561 7 Tip7 2008
4709 Set4709 1999 64 34 5856 4 Tip4 2017
7085 Set7085 2008 90 43 1628 1 Tip1 2006
6999 Set6999 2011 14 46 4137 9 Tip9 2009
1133 Set1133 2021 55 74 9114 9 Tip9 2007
7542 Set7542 2020 50 15 9715 1 Tip1 2022
9477 Set9477 2018 100 43 7537 6 Tip6 2000
1874 Set1874 2022 52 89 3521 2 Tip2 2001
3622 Set3622 2023 95 47 4947 3 Tip3 2009
2057 Set2057 2019 38 7 4553 1 Tip1 2016
5609 Set5609 2005 60 25 6631 4 Tip4 1999
8461 Set8461 2022 14 42 9022 8 Tip8 2008
1931 Set1931 2021 39 36 7740 9 Tip9 2011
1657 Set1657 2008 40 100 3575 6 Tip6 2022
2294 Set2294 2014 43 44 9715 1 Tip1 2000
3527 Set3527 2006 47 73 9577 1 Tip1 2005
2320 Set2320 2016 75 60 3080 4 Tip4 2024
4794 Set4794 2023 68 53 4590 2 Tip2 2023
4456 Set4456 2018 53 76 3074 8 Tip8 2023
7896 Set7896 2006 78 41 5459 4 Tip4 2013
7875 Set7875 2003 64 78 9449 2 Tip2 2017
9028 Set9028 2007 98 97 7336 9 Tip9 2004
9578 Set9578 2002 32 33 7252 8 Tip8 2014
7682 Set7682 2007 10 76 9262 5 Tip5 2009
3303 Set3303 2004 40 5 6135 3 Tip3 2003
2811 Set2811 2013 51 23 6626 1 Tip1 2006
4150 Set4150 2014 5 7 9824 8 Tip8 2005
1004 Set1004 2015 3 91 1608 6 Tip6 2014
9848 Set9848 2018 52 42 3694 8 Tip8 2006
7216 Set7216 2003 18 63 8667 7 Tip7 2005
5555 Set5555 2015 43 45 4623 6 Tip6 2008
6588 Set6588 2017 44 6 8242 9 Tip9 2007
7301 Set7301 2001 27 57 7959 1 Tip1 2009
1010 Set1010 2019 53 4 7481 3 Tip3 2009
7462 Set7462 2010 98 10 8588 7 Tip7 2006
6090 Set6090 2012 14 5 3418 2 Tip2 2007
9548 Set9548 2021 64 99 9692 4 Tip4 2024
1850 Set1850 2012 44 77 2195 7 Tip7 2014
4828 Set4828 1999 16 83 9903 6 Tip6 2012
3928 Set3928 2020 63 100 7612 4 Tip4 2003
1815 Set1815 2015 99 67 7460 8 Tip8 2007
4570 Set4570 2006 56 71 5982 3 Tip3 2004
9221 Set9221 2020 32 22 8224 1 Tip1 2016
4991 Set4991 1999 38 98 3825 7 Tip7 2008
9144 Set9144 2001 81 43 9540 7 Tip7 2024
2834 Set2834 2011 41 78 1339 7 Tip7 2018
3663 Set3663 2011 16 79 3995 6 Tip6 2006
9433 Set9433 2010 1 15 1141 3 Tip3 2003
7105 Set7105 2007 8 9 5879 9 Tip9 2012
5712 Set5712 2023 89 27 3009 2 Tip2 2023
5180 Set5180 2001 62 21 4781 5 Tip5 2018
4320 Set4320 2006 40 83 8534 2 Tip2 2024
1864 Set1864 2008 67 70 4010 4 Tip4 2024
4171 Set4171 2021 71 3 7151 8 Tip8 2006
1460 Set1460 2006 91 42 4747 1 Tip1 2021
8170 Set8170 2024 43 41 1059 8 Tip8 2017
3037 Set3037 2008 96 94 2044 8 Tip8 2021
4297 Set4297 2013 8 92 1350 2 Tip2 2000
8867 Set8867 2008 40 22 7755 7 Tip7 2012
2390 Set2390 2016 2 24 1895 3 Tip3 2021
4950 Set4950 2019 83 55 8328 8 Tip8 2006
1952 Set1952 2022 35 31 6333 5 Tip5 2011
9868 Set9868 2010 1 68 1969 6 Tip6 2020
4875 Set4875 2013 97 39 3119 1 Tip1 2002
5706 Set5706 2005 99 69 3630 6 Tip6 2002
8236 Set8236 2014 35 85 3275 3 Tip3 2014
2291 Set2291 2021 42 72 6897 7 Tip7 2024
9259 Set9259 2022 62 42 8554 4 Tip4 2007
8533 Set8533 2019 1 58 9669 1 Tip1 2016
2145 Set2145 2016 40 92 1974 3 Tip3 2002
1317 Set1317 2018 42 38 3308 9 Tip9 2018
6834 Set6834 2015 30 100 3467 5 Tip5 2007
7814 Set7814 2016 51 26 2041 6 Tip6 2015
4020 Set4020 2024 41 23 5293 5 Tip5 2020
3925 Set3925 2014 11 74 1461 9 Tip9 2001
5412 Set5412 2024 45 10 1463 1 Tip1 2013
6198 Set6198 2001 10 57 2333 1 Tip1 2023
7004 Set7004 2023 40 54 1141 8 Tip8 2015
9215 Set9215 2020 2 37 4630 2 Tip2 2018
6804 Set6804 2017 19 93 4534 3 Tip3 2022
8482 Set8482 2023 59 33 4550 5 Tip5 2023
5360 Set5360 2014 23 20 5765 5 Tip5 2020
9540 Set9540 2011 52 4 5556 6 Tip6 2008
6899 Set6899 2017 69 74 3687 4 Tip4 2005
5548 Set5548 2023 25 92 1037 7 Tip7 2003
5669 Set5669 2009 48 9 2494 1 Tip1 2003
4742 Set4742 2023 61 31 4162 6 Tip6 2018
8862 Set8862 2021 78 7 5189 8 Tip8 2006
4414 Set4414 2012 100 43 7377 7 Tip7 2015
4517 Set4517 2024 94 84 6118 3 Tip3 2003
2714 Set2714 2021 96 66 7853 3 Tip3 2007
3801 Set3801 2007 89 88 2677 1 Tip1 2021
9338 Set9338 2023 28 72 3187 7 Tip7 2010
3834 Set3834 2003 87 4 6563 1 Tip1 2016
4748 Set4748 2009 40 20 5265 6 Tip6 2018
9429 Set9429 1999 49 95 6115 7 Tip7 2005
5859 Set5859 2010 56 92 9281 5 Tip5 2001
3210 Set3210 2010 42 62 2507 9 Tip9 1999
8972 Set8972 2000 89 23 6608 1 Tip1 2012
5986 Set5986 2023 94 24 8910 2 Tip2 2008
6314 Set6314 2001 11 39 1508 5 Tip5 2018
2137 Set2137 2009 77 31 9143 1 Tip1 2012
3347 Set3347 2008 1 36 7958 3 Tip3 2013
3869 Set3869 2004 57 58 6926 6 Tip6 2022
7426 Set7426 2013 3 89 7198 9 Tip9 2003
2326 Set2326 2007 100 87 1109 3 Tip3 2022
9006 Set9006 2014 53 59 5265 6 Tip6 2019
1521 Set1521 2010 78 15 7708 1 Tip1 2018
1544 Set1544 2016 43 85 9462 5 Tip5 2008
6433 Set6433 2006 69 70 1768 2 Tip2 2012
3003 Set3003 2009 86 57 8749 9 Tip9 2000
4685 Set4685 2014 96 94 5249 4 Tip4 2008
2512 Set2512 2017 9 62 4481 1 Tip1 2012
2757 Set2757 2021 75 44 8499 7 Tip7 2007
4257 Set4257 2005 96 14 7534 2 Tip2 2002
4969 Set4969 2020 62 9 5954 2 Tip2 2007
1818 Set1818 2024 22 96 8675 2 Tip2 2021
5043 Set5043 2005 30 61 7665 5 Tip5 2003
9261 Set9261 2022 7 60 8681 1 Tip1 2018
6090 Set6090 2012 20 78 1023 4 Tip4 2017
6240 Set6240 2010 38 26 5663 4 Tip4 2010
7044 Set7044 2019 93 100 4709 1 Tip1 2007
2903 Set2903 2003 84 6 9425 4 Tip4 2022
1927 Set1927 2021 95 59 4924 7 Tip7 2010
3753 Set3753 2018 81 94 1688 2 Tip2 2013
4001 Set4001 2015 41 31 8296 3 Tip3 2000
3851 Set3851 2018 7 37 7506 6 Tip6 2010
2854 Set2854 1999 68 59 2125 3 Tip3 2005
7840 Set7840 2006 34 39 1148 4 Tip4 2002
9183 Set9183 2014 44 26 6844 4 Tip4 2020
9259 Set9259 2023 93 52 1704 1 Tip1 2023
8154 Set8154 2019 29 70 9479 3 Tip3 2005
1065 Set1065 2021 83 24 5094 4 Tip4 2007
9694 Set9694 2000 34 81 2121 4 Tip4 2003
6087 Set6087 2011 70 68 6069 9 Tip9 2009
3366 Set3366 2012 15 24 2543 5 Tip5 2014
8578 Set8578 2005 33 39 5992 6 Tip6 2001
6685 Set6685 2018 7 6 4103 7 Tip7 2022
5819 Set5819 2021 23 73 5359 8 Tip8 2022
3583 Set3583 2011 59 67 5174 4 Tip4 2024
4164 Set4164 2015 49 76 5378 5 Tip5 2000
4678 Set4678 2007 16 19 4375 1 Tip1 2004
5585 Set5585 2017 98 99 2229 3 Tip3 2004
8743 Set8743 2006 47 94 1908 9 Tip9 2013
9543 Set9543 2018 91 66 2772 5 Tip5 2020
8643 Set8643 2019 5 37 6319 6 Tip6 2004
2832 Set2832 2021 54 50 7234 8 Tip8 2001
3408 Set3408 2009 66 63 3105 7 Tip7 2024
2323 Set2323 2017 92 94 3121 5 Tip5 1999
6893 Set6893 2019 92 1 9716 8 Tip8 1999
4179 Set4179 2014 51 12 5502 3 Tip3 2013
3064 Set3064 2012 72 6 3609 8 Tip8 2005
4134 Set4134 2017 55 26 8687 3 Tip3 2024
1411 Set1411 2021 30 95 4417 8 Tip8 2016
6708 Set6708 2012 58 97 4328 3 Tip3 2015
8834 Set8834 2007 4 55 7521 7 Tip7 2020
8935 Set8935 2020 65 3 3450 8 Tip8 2003
1559 Set1559 2009 84 76 7714 7 Tip7 2016
3059 Set3059 2002 31 96 6040 9 Tip9 2016
8194 Set8194 2007 79 14 8773 6 Tip6 2005
5088 Set5088 2002 13 77 7705 1 Tip1 2013
6806 Set6806 2007 41 2 1838 3 Tip3 2023
9305 Set9305 2007 77 58 2361 9 Tip9 2010
7244 Set7244 2016 83 5 5223 6 Tip6 2004
4531 Set4531 2004 78 77 9878 4 Tip4 2016
2616 Set2616 2004 70 22 8750 2 Tip2 2018
7516 Set7516 1999 77 77 6988 5 Tip5 2014
4037 Set4037 2017 55 89 4304 9 Tip9 2020
5886 Set5886 2013 40 54 7758 7 Tip7 2016
9147 Set9147 2009 55 92 9428 1 Tip1 2021
5298 Set5298 2002 13 81 5546 4 Tip4 2018
1554 Set1554 2011 53 24 2532 2 Tip2 2017
2803 Set2803 2019 53 25 8343 7 Tip7 2004
5698 Set5698 2014 34 66 4486 8 Tip8 2023
8620 Set8620 2021 95 100 8702 6 Tip6 2001
2364 Set2364 2002 2 94 7377 5 Tip5 2002
1131 Set1131 2011 88 48 6011 9 Tip9 2014
8849 Set8849 2015 14 13 8117 8 Tip8 2024
1988 Set1988 2004 45 82 5931 6 Tip6 2024
2649 Set2649 2015 30 5 1705 2 Tip2 2018
1733 Set1733 2003 3 13 8991 8 Tip8 2020
9607 Set9607 2004 81 100 5898 7 Tip7 2010
6851 Set6851 2023 73 98 2357 2 Tip2 2001
8030 Set8030 2022 71 90 3006 7 Tip7 2007
3396 Set3396 2019 31 53 9689 9 Tip9 1999
4681 Set4681 2017 33 20 1507 8 Tip8 2016
7986 Set7986 2002 35 18 6730 8 Tip8 2009
8879 Set8879 2008 91 2 9017 2 Tip2 2003
4951 Set4951 2006 93 72 7928 4 Tip4 2002
9560 Set9560 2011 43 59 3457 9 Tip9 2003
9250 Set9250 2022 58 92 5436 9 Tip9 2011
5115 Set5115 2004 31 62 5890 4 Tip4 2015
8274 Set8274 2022 62 71 6388 4 Tip4 2009
6118 Set6118 2005 51 28 5341 9 Tip9 2008
7018 Set7018 2008 94 60 3075 4 Tip4 2010
4480 Set4480 2024 63 9 6641 7 Tip7 2019
7132 Set7132 2024 67 54 3239 7 Tip7 2009
2282 Set2282 2004 25 74 5971 8 Tip8 2011
5218 Set5218 2019 8 13 9383 5 Tip5 2020
5697 Set5697 2010 99 88 9373 1 Tip1 2022
2760 Set2760 2006 98 50 3198 1 Tip1 2000
8088 Set8088 2017 84 95 7159 1 Tip1 2018
2950 Set2950 2020 48 2 9652 4 Tip4 2016
9385 Set9385 2002 92 53 7506 6 Tip6 2013
8035 Set8035 2006 41 14 8780 3 Tip3 2005
8359 Set8359 2000 43 27 6821 8 Tip8 2000
2501 Set2501 2011 12 15 1457 3 Tip3 2001
5771 Set5771 2022 34 11 8586 2 Tip2 2015
2124 Set2124 2010 57 69 4714 1 Tip1 2012
2388 Set2388 2010 99 22 5591 7 Tip7 2023
1628 Set1628 2019 72 91 2417 6 Tip6 2010
1148 Set1148 2024 57 34 8171 4 Tip4 2017
1277 Set1277 2004 23 95 6426 3 Tip3 2004
8166 Set8166 2016 35 26 2128 4 Tip4 2021
1598 Set1598 2017 18 63 2919 6 Tip6 2000
5274 Set5274 2013 1 8 1695 7 Tip7 2008
2499 Set2499 2021 11 66 9778 1 Tip1 2003
6550 Set6550 2008 84 98 1468 2 Tip2 2021
9694 Set9694 2015 67 66 4502 6 Tip6 2015
2957 Set2957 2008 74 52 5559 9 Tip9 2021
9271 Set9271 2021 77 37 4599 3 Tip3 2020
5968 Set5968 2005 85 39 3969 3 Tip3 2009
9252 Set9252 2020 86 5 4356 4 Tip4 2003
8030 Set8030 2004 4 67 5326 8 Tip8 2012
3073 Set3073 2019 61 97 6226 4 Tip4 2007
7765 Set7765 2012 4 18 3960 7 Tip7 2000
2629 Set2629 2006 79 45 1847 3 Tip3 2021
1563 Set1563 2000 37 50 9431 7 Tip7 2010
1829 Set1829 2001 94 19 1787 4 Tip4 2008
7700 Set7700 2000 61 47 5254 3 Tip3 2010
2861 Set2861 2022 73 61 1454 5 Tip5 1999
9483 Set9483 2002 23 100 2681 1 Tip1 2017
2610 Set2610 2020 78 93 5991 5 Tip5 2014
7177 Set7177 2009 1 79 1234 4 Tip4 2003
9822 Set9822 2018 87 78 9990 5 Tip5 2012
3794 Set3794 2016 75 57 7428 1 Tip1 2023
2824 Set2824 2011 41 12 4160 4 Tip4 2020
9961 Set9961 2024 52 21 9491 4 Tip4 2022
4376 Set4376 2019 79 10 7271 7 Tip7 2016
2859 Set2859 2006 41 82 8420 7 Tip7 2001
4637 Set4637 2010 18 2 2716 7 Tip7 2000
2920 Set2920 2007 96 71 3804 8 Tip8 1999
8974 Set8974 2016 76 19 2537 9 Tip9 2015
1649 Set1649 2006 6 90 3424 5 Tip5 2000
8617 Set8617 1999 35 72 8546 2 Tip2 2009
7385 Set7385 2013 67 76 7187 9 Tip9 2005
9746 Set9746 2012 38 35 4214 9 Tip9 2007
8950 Set8950 2022 14 66 9214 6 Tip6 2009
5121 Set5121 2014 33 17 8857 6 Tip6 2011
9778 Set9778 1999 29 70 6479 7 Tip7 2021
2940 Set2940 2005 76 59 6051 5 Tip5 2012
6687 Set6687 2010 94 13 1763 1 Tip1 2022
7392 Set7392 2018 6 95 6295 3 Tip3 2005
8506 Set8506 2022 21 22 2629 7 Tip7 2013
5906 Set5906 2005 34 51 5795 7 Tip7 2024
2394 Set2394 2024 32 4 8235 1 Tip1 2014
9872 Set9872 2004 74 87 7989 2 Tip2 2017
1133 Set1133 2000 81 7 4992 8 Tip8 2009
8897 Set8897 2003 5 59 4615 4 Tip4 2023
8191 Set8191 2014 16 13 2471 2 Tip2 2012
2256 Set2256 2015 67 85 7137 8 Tip8 2003
6941 Set6941 2005 17 78 5167 5 Tip5 2022
8218 Set8218 2017 18 36 1594 5 Tip5 2016
6455 Set6455 2011 61 15 4434 5 Tip5 2018
4011 Set4011 2018 50 66 7598 2 Tip2 2002
6654 Set6654 2009 54 58 4586 8 Tip8 1999
8404 Set8404 2002 47 10 4146 6 Tip6 2016
2023 Set2023 2008 22 66 4350 9 Tip9 2004
4670 Set4670 2001 100 3 6385 2 Tip2 2023
9167 Set9167 2001 15 69 1009 6 Tip6 2000
4678 Set4678 2008 96 64 2527 1 Tip1 2006
3723 Set3723 2006 62 13 3705 7 Tip7 2014
4548 Set4548 2008 3 54 5036 7 Tip7 2021
6577 Set6577 2019 22 22 2406 8 Tip8 2005
3941 Set3941 2004 20 35 5647 7 Tip7 2020
5309 Set5309 2023 82 90 7145 1 Tip1 2023
2134 Set2134 2021 6 5 6586 6 Tip6 2021
6550 Set6550 2019 72 22 3802 5 Tip5 2018
2431 Set2431 2010 57 63 5692 3 Tip3 2018
9474 Set9474 2023 6 34 1185 3 Tip3 2005
7571 Set7571 2014 14 71 7184 3 Tip3 2008
3630 Set3630 2018 79 40 9400 7 Tip7 2015
1762 Set1762 2012 86 78 8736 3 Tip3 2020
3388 Set3388 2023 77 62 6189 4 Tip4 2016
1333 Set1333 2008 16 43 5158 1 Tip1 2020
2313 Set2313 2020 34 59 3730 3 Tip3 2008
3086 Set3086 2000 40 45 9752 2 Tip2 2002
7694 Set7694 2000 85 89 1348 7 Tip7 2008
1795 Set1795 2001 35 84 4151 2 Tip2 2019
6261 Set6261 2020 29 63 1298 7 Tip7 2021
4672 Set4672 2022 4 86 4264 1 Tip1 2012
6493 Set6493 2017 41 15 5063 6 Tip6 2008
7992 Set7992 2022 34 46 8938 2 Tip2 2005
9149 Set9149 2007 47 77 3674 6 Tip6 2004
1428 Set1428 2015 67 100 8535 7 Tip7 2014
8946 Set8946 2003 100 5 2503 3 Tip3 2018
9393 Set9393 2015 37 3 9743 5 Tip5 2022
7271 Set7271 2009 55 87 2075 4 Tip4 2009
4078 Set4078 2015 57 22 2105 7 Tip7 2000
5797 Set5797 2007 89 51 6510 3 Tip3 2016
4365 Set4365 2006 62 82 7766 2 Tip2 2003
4188 Set4188 2021 24 96 6470 6 Tip6 2018
5285 Set5285 2004 100 46 2523 9 Tip9 2016
7192 Set7192 2000 29 35 9647 1 Tip1 2002
2900 Set2900 2016 43 15 6345 9 Tip9 2008
2681 Set2681 2021 84 86 9232 4 Tip4 2012
7521 Set7521 2002 22 48 8835 8 Tip8 2012
4584 Set4584 2018 67 42 1664 7 Tip7 2013
1821 Set1821 2007 82 37 8762 3 Tip3 2014
3646 Set3646 2004 68 54 2635 6 Tip6 1999
5771 Set5771 2008 95 87 2370 4 Tip4 2004
6715 Set6715 2024 32 81 1403 6 Tip6 2020
8587 Set8587 2003 30 95 6767 5 Tip5 2020
2855 Set2855 2009 78 99 3507 6 Tip6 2020
8704 Set8704 1999 83 27 5864 3 Tip3 2006
4597 Set4597 2003 4 14 1356 2 Tip2 2009
7637 Set7637 2008 29 95 5529 8 Tip8 2022
2962 Set2962 2020 42 17 7989 6 Tip6 2013
2247 Set2247 2002 6 78 2008 5 Tip5 2002
6855 Set6855 2015 67 94 2876 6 Tip6 2022
6996 Set6996 2010 87 56 7688 3 Tip3 2008
5215 Set5215 2003 93 51 2706 2 Tip2 2020
1109 Set1109 2010 31 63 8286 5 Tip5 2006
6325 Set6325 2013 49 82 2757 5 Tip5 2008
1543 Set1543 2021 15 96 2040 1 Tip1 2019
5349 Set5349 2020 69 48 7389 2 Tip2 2016
8629 Set8629 2016 89 53 7442 1 Tip1 2013
1506 Set1506 2024 70 33 9872 2 Tip2 2002
4435 Set4435 2012 95 42 7249 5 Tip5 1999
4207 Set4207 2006 74 14 8114 9 Tip9 2000
4327 Set4327 2005 85 4 2941 9 Tip9 2017
7008 Set7008 2008 40 47 7816 5 Tip5 2008
4651 Set4651 2015 3 91 2385 2 Tip2 2021
9097 Set9097 2005 17 100 3189 3 Tip3 2018
1649 Set1649 2002 99 33 3583 5 Tip5 2010
8585 Set8585 2000 11 20 6297 7 Tip7 2005
3129 Set3129 2007 35 27 1171 9 Tip9 2003
3333 Set3333 2006 5 38 1298 6 Tip6 2006
8972 Set8972 2004 54 80 2534 6 Tip6 2013
8846 Set8846 2015 20 89 1906 4 Tip4 2021
6046 Set6046 2015 43 13 3051 3 Tip3 2013
8430 Set8430 1999 98 54 8658 8 Tip8 2014
8137 Set8137 2001 79 81 8909 4 Tip4 2021
2863 Set2863 2006 94 36 6191 1 Tip1 2018
6612 Set6612 2000 90 61 5941 5 Tip5 2005
7974 Set7974 2018 8 12 1298 6 Tip6 2005
5596 Set5596 2012 98 4 8186 6 Tip6 2019
4632 Set4632 2024 8 77 1902 8 Tip8 2024
2495 Set2495 2013 44 26 8699 4 Tip4 2022
1960 Set1960 2021 60 81 5600 2 Tip2 2015
9773 Set9773 2019 71 85 8485 3 Tip3 2004
9505 Set9505 2011 54 68 6726 7 Tip7 2015
4773 Set4773 2003 15 72 5344 2 Tip2 2005
6196 Set6196 2024 9 94 8121 6 Tip6 2013
5595 Set5595 2022 19 62 7300 4 Tip4 2015
1702 Set1702 2010 77 6 4876 3 Tip3 2018
8986 Set8986 2021 79 61 5886 3 Tip3 2013
2138 Set2138 1999 98 97 3709 1 Tip1 2021
3386 Set3386 2010 92 41 5200 9 Tip9 2004
4749 Set4749 2019 85 22 1326 8 Tip8 2006
9351 Set9351 2001 45 23 1319 4 Tip4 2004
9526 Set9526 2018 45 46 5922 1 Tip1 2005
9152 Set9152 1999 19 30 9414 7 Tip7 2001
6263 Set6263 2022 41 22 3595 8 Tip8 2021
4037 Set4037 2005 64 8 5759 6 Tip6 2019
8404 Set8404 2003 37 55 6916 6 Tip6 1999
6305 Set6305 2002 13 63 7886 7 Tip7 2018
1246 Set1246 2002 11 17 5770 1 Tip1 2017
4416 Set4416 2019 1 71 1852 6 Tip6 2014
8972 Set8972 2004 90 41 4610 2 Tip2 2024
6907 Set6907 2013 92 58 5597 8 Tip8 2014
2209 Set2209 2007 92 87 4567 5 Tip5 2017
1067 Set1067 2010 48 52 4411 6 Tip6 2004
4577 Set4577 2012 14 64 9380 7 Tip7 2010
8117 Set8117 2020 63 88 8389 6 Tip6 2001
7323 Set7323 2021 44 44 2279 5 Tip5 2024
4499 Set4499 2003 47 24 8620 9 Tip9 2002
8806 Set8806 2006 48 1 9931 4 Tip4 2013
4187 Set4187 2003 63 35 4046 3 Tip3 2018
3388 Set3388 2017 29 97 2801 4 Tip4 2017
1708 Set1708 2014 69 4 1195 1 Tip1 2023
2041 Set2041 2016 70 57 2589 3 Tip3 2015
2069 Set2069 2022 90 55 6017 7 Tip7 1999
8405 Set8405 2019 59 61 9496 2 Tip2 2002
9489 Set9489 2011 79 87 3013 7 Tip7 2014
8251 Set8251 2006 99 64 8584 7 Tip7 2010
8638 Set8638 2022 98 21 6241 8 Tip8 2003
1528 Set1528 2010 51 90 8265 7 Tip7 2015
1158 Set1158 2016 2 78 5058 3 Tip3 2006
6110 Set6110 2005 7 39 9555 2 Tip2 2000
4874 Set4874 2007 73 29 3323 2 Tip2 2019
1673 Set1673 2011 44 91 6811 5 Tip5 1999
5486 Set5486 1999 19 63 5396 6 Tip6 2006
3265 Set3265 2004 24 50 7417 6 Tip6 2015
6637 Set6637 2005 29 9 3896 5 Tip5 2005
3364 Set3364 2021 58 94 7429 8 Tip8 2020
6335 Set6335 2024 37 79 8776 1 Tip1 2018
6428 Set6428 2022 77 69 5504 4 Tip4 2004
1056 Set1056 2015 51 44 5667 3 Tip3 2014
4275 Set4275 2017 47 16 5187 4 Tip4 2009
4932 Set4932 2022 76 55 8627 1 Tip1 2019
7068 Set7068 2015 50 83 9047 9 Tip9 2000
1816 Set1816 2009 13 11 9101 7 Tip7 2011
2685 Set2685 2011 86 84 8852 4 Tip4 2017
6876 Set6876 2002 81 16 9805 1 Tip1 2008
1557 Set1557 2022 86 50 1376 9 Tip9 2005
4499 Set4499 2017 7 81 1890 1 Tip1 2007
3511 Set3511 2022 35 1 8235 7 Tip7 2022
1460 Set1460 2024 13 100 4251 1 Tip1 2020
2661 Set2661 2017 68 96 5845 6 Tip6 2018
5793 Set5793 2002 95 63 8271 6 Tip6 2019
7307 Set7307 2007 11 96 8127 8 Tip8 2003
7958 Set7958 2024 39 47 4916 3 Tip3 2018
8026 Set8026 1999 60 64 2485 1 Tip1 2003
6331 Set6331 2003 16 69 8018 8 Tip8 2014
8285 Set8285 2016 58 80 5352 1 Tip1 2009
8212 Set8212 2023 7 87 8492 5 Tip5 2014
7511 Set7511 2005 69 95 3157 2 Tip2 2016
1961 Set1961 2018 1 56 9801 5 Tip5 2021
4924 Set4924 2019 8 38 8456 3 Tip3 2024
6694 Set6694 2022 46 57 4004 2 Tip2 2023
8471 Set8471 1999 86 70 4345 1 Tip1 2004
2657 Set2657 2007 8 82 2555 5 Tip5 2016
1419 Set1419 2007 86 16 1071 9 Tip9 2006
6715 Set6715 2000 8 92 8389 5 Tip5 2003
8272 Set8272 2019 55 12 7048 9 Tip9 2022
2539 Set2539 2000 51 1 4363 8 Tip8 1999
2501 Set2501 2020 96 12 2586 5 Tip5 2007
3300 Set3300 2015 20 27 2821 7 Tip7 2016
4931 Set4931 2001 59 48 6276 3 Tip3 2004
2657 Set2657 2006 15 53 5610 9 Tip9 2022
8720 Set8720 2019 79 76 4814 7 Tip7 1999
9080 Set9080 2020 47 81 2111 5 Tip5 2000
9472 Set9472 1999 19 34 4244 4 Tip4 2019
2328 Set2328 2003 27 68 5080 4 Tip4 2004
1268 Set1268 2014 12 53 3227 8 Tip8 2008
4163 Set4163 2014 16 98 2914 8 Tip8 2010
4438 Set4438 2018 22 56 4881 8 Tip8 1999
6701 Set6701 2016 77 10 5765 7 Tip7 2007
6882 Set6882 2000 82 4 7987 9 Tip9 2012
8283 Set8283 2016 75 20 6167 8 Tip8 2007
9628 Set9628 2006 73 80 1140 6 Tip6 2010
4075 Set4075 2009 70 25 2901 9 Tip9 2021
4414 Set4414 2023 67 77 1908 2 Tip2 2009
2762 Set2762 2019 82 92 8056 2 Tip2 2001
5770 Set5770 2008 70 62 4194 8 Tip8 2007
6336 Set6336 2009 64 26 3217 5 Tip5 2000
1397 Set1397 1999 65 87 3238 2 Tip2 2019
7819 Set7819 1999 18 77 2490 2 Tip2 2013
1810 Set1810 2011 93 42 4340 7 Tip7 2003
4703 Set4703 2018 93 25 5457 3 Tip3 2011
2380 Set2380 2024 68 44 5864 7 Tip7 2001
3483 Set3483 2012 51 8 6156 3 Tip3 2024
2095 Set2095 2018 9 82 5722 7 Tip7 2007
8116 Set8116 2004 9 86 8002 3 Tip3 2024
1922 Set1922 2023 56 46 1555 6 Tip6 2005
8189 Set8189 2004 36 17 5841 7 Tip7 2011
4179 Set4179 2019 54 95 1128 3 Tip3 2010
4205 Set4205 2023 53 19 8620 1 Tip1 2006
6589 Set6589 2015 80 22 1503 6 Tip6 2015
1549 Set1549 2015 55 99 2907 4 Tip4 2006
6799 Set6799 2015 71 51 4628 4 Tip4 2009
6579 Set6579 2022 44 77 6837 8 Tip8 2003
4280 Set4280 2007 77 53 5147 1 Tip1 2016
6686 Set6686 2005 91 94 6454 9 Tip9 2023
7716 Set7716 2016 77 78 6236 6 Tip6 2002
5589 Set5589 2014 95 64 4083 1 Tip1 2017
6634 Set6634 2007 88 30 7192 8 Tip8 2009
4476 Set4476 2008 62 92 4166 4 Tip4 2000
8585 Set8585 2002 52 62 9255 5 Tip5 2013
1 Set3077 2025 157 23 7397 2 Tip2 2006
2 Set6031 2025 10 45 1219 6 Tip6 2020
3 Set5631 2025 81 78 3038 8 Tip9 2001
4 Set3196 2025 25 89 9803 14 Tip6 2014
5 Set1215 2025 13 23 5317 10 Tip5 2019

